cd1-test-small-0
VEHICLES 500
CUSTOMERS 1000

VEH/CUST NO.	ORIGIN	DEST	Q	EARLY	LATE
1	703	7486	1	87	1518
2	1370	7483	1	244	2687
3	7443	1701	-2	38	1592
4	215	5371	-2	243	1849
5	2391	530	-2	30	2582
6	4144	5990	1	18	1636
7	5854	3201	1	265	1429
8	1845	277	1	194	944
9	6485	1828	1	212	2573
10	3719	5355	1	170	2171
11	5132	5452	1	97	2253
12	91	8002	1	0	2009
13	4978	6779	1	95	1635
14	8124	2273	1	247	1640
15	7272	4157	1	90	1981
16	2552	6336	1	211	3139
17	1823	2669	1	135	1571
18	6659	7539	-2	265	2898
19	4314	6772	1	20	762
20	5502	1231	1	133	1008
21	3721	7811	1	84	1763
22	4279	594	1	290	2734
23	6767	5781	1	170	716
24	3105	1747	1	12	1550
25	5222	6936	1	231	1561
26	8125	7677	1	190	705
27	8238	2605	-2	181	1699
28	6707	5740	1	38	1926
29	1330	7362	-2	270	2145
30	7360	4356	1	172	1939
31	7153	2148	1	75	588
32	7313	4262	-2	68	575
33	5484	7465	1	207	2014
34	8165	633	1	144	1053
35	7320	716	-2	94	1539
36	182	5632	-2	277	2061
37	5988	5909	1	277	4191
38	1434	6401	1	153	931
39	7612	3499	1	133	1661
40	4835	2998	1	96	1916
41	3859	5127	1	104	1315
42	3103	7156	1	26	1511
43	3025	3515	1	198	3537
44	2573	1168	1	227	2209
45	1095	1033	1	296	1468
46	7878	5756	1	114	1960
47	6471	1989	1	242	1699
48	78	5812	1	62	2055
49	3405	4468	-2	188	2008
50	6323	3515	1	245	1878
51	4778	7539	-2	250	1121
52	6316	1710	1	242	2042
53	6047	3719	-2	32	1426
54	5636	5281	1	57	2021
55	3432	2520	1	275	1782
56	2123	7136	1	216	3035
57	8097	6299	1	246	1958
58	5057	5286	1	9	2188
59	2506	4099	1	138	1643
60	707	4443	1	48	2373
61	3327	3470	1	25	1926
62	7553	218	1	275	1926
63	7252	2212	-2	275	4073
64	7612	7131	1	199	3690
65	5943	488	-2	243	2249
66	7107	7651	1	273	1881
67	1692	1513	-2	255	1984
68	2930	5583	-2	50	1577
69	7927	5804	-2	160	3133
70	2102	3321	1	91	1128
71	341	7932	1	265	1182
72	3738	4926	-2	7	689
73	4223	4277	-2	107	1977
74	4829	8128	-2	100	952
75	2387	6050	1	277	751
76	7086	7509	-2	65	1339
77	3128	2298	1	62	1340
78	5462	803	1	137	1745
79	2116	8225	-2	145	1459
80	1389	7591	1	134	2958
81	5973	3842	1	230	2856
82	2234	4608	1	108	1337
83	8052	3638	1	72	867
84	8178	1045	1	82	2294
85	7963	594	1	179	1831
86	5208	2014	1	187	1442
87	645	1947	1	166	1535
88	3688	4124	-2	263	1825
89	2375	4663	1	63	1442
90	2871	8174	1	122	2423
91	7716	5786	1	172	832
92	4161	2658	1	163	1744
93	1037	3310	1	177	3643
94	2275	3051	-2	226	2730
95	1206	947	1	200	1617
96	7686	2632	1	32	749
97	5013	1234	1	230	2456
98	2711	7785	-2	80	2050
99	1696	6158	1	157	1676
100	1068	3143	1	217	2083
101	7303	3144	-2	43	2253
102	8176	1406	1	46	2906
103	2735	3384	1	3	2161
104	4919	3045	-2	287	1609
105	1000	4101	1	248	2132
106	5967	177	1	161	1776
107	6388	495	1	221	1810
108	7918	3934	1	182	1537
109	1225	8219	-2	1	962
110	8018	3532	1	179	1253
111	4271	6205	-2	71	1254
112	1372	1404	1	121	1987
113	1041	92	-2	242	1025
114	6857	4333	1	231	792
115	6933	4377	1	178	1775
116	1831	4642	1	69	1625
117	1048	7990	-2	293	852
118	392	1333	1	148	2964
119	4013	1353	1	195	1217
120	4906	582	1	88	1964
121	3589	3588	1	292	645
122	10	6349	1	83	1580
123	2954	1000	-2	160	1918
124	2078	4606	1	272	1927
125	8253	5175	-2	55	1961
126	2116	912	1	125	2501
127	5054	5581	1	264	2746
128	5116	4721	-2	201	642
129	5322	4018	1	248	739
130	2620	3185	1	244	737
131	2848	3991	-2	168	2329
132	4778	985	1	272	1396
133	2525	2540	1	178	1740
134	571	1304	-2	286	1744
135	6690	1749	1	62	1747
136	5046	5389	-2	47	2611
137	4812	127	1	81	1550
138	2606	1847	-2	251	2776
139	6798	7534	1	135	2851
140	4465	3245	1	147	801
141	2553	3717	1	299	1287
142	2447	2382	1	208	1843
143	1577	1376	-2	162	2135
144	2143	7179	1	153	1379
145	6612	4086	1	283	1333
146	3050	7121	1	240	1438
147	4800	6867	1	296	1688
148	408	6997	1	142	1124
149	1634	606	1	124	2339
150	1466	3816	-2	80	951
151	487	7333	1	100	2384
152	3196	413	-2	298	723
153	1160	7564	-2	36	1837
154	2594	7067	-2	107	2285
155	276	6222	1	80	1983
156	6273	1785	1	70	4003
157	6532	901	-2	5	820
158	142	1001	-2	121	1820
159	1445	3527	1	205	1580
160	7034	2145	1	148	1891
161	5638	7785	-2	16	1637
162	4683	3346	-2	47	1659
163	3200	5679	1	253	1836
164	6489	16	-2	261	1654
165	6882	7855	1	247	2192
166	376	3039	1	268	1588
167	1328	4326	-2	136	1277
168	6012	2790	1	178	1813
169	8040	4181	1	141	2249
170	6669	5460	-2	57	2215
171	5371	31	1	7	636
172	2393	5107	1	266	1657
173	4245	3881	-2	64	1605
174	3911	5548	-2	221	2311
175	7422	5188	1	74	1132
176	1168	2903	-2	41	2262
177	5426	1222	-2	199	2875
178	3365	2152	1	262	2992
179	4317	8111	1	242	1251
180	6796	2090	1	144	1554
181	7955	5458	-2	199	1185
182	7345	5692	1	162	829
183	4433	5570	1	219	3059
184	1583	2090	1	9	739
185	494	6212	1	160	986
186	7881	3618	1	47	1988
187	349	6827	1	280	1893
188	4136	8078	1	265	1377
189	4790	4642	1	181	2026
190	4507	903	-2	124	2615
191	7656	1593	1	57	618
192	1391	4462	1	68	1548
193	2506	3661	1	124	2126
194	216	5552	1	232	2524
195	4167	6246	1	202	2410
196	6075	2514	-2	41	2091
197	5740	4354	1	107	2019
198	3963	721	-2	28	2424
199	1155	3901	-2	269	1246
200	503	6301	-2	82	1636
201	5869	249	-2	178	1912
202	8247	7162	1	84	1626
203	4132	5687	1	266	3108
204	3572	5523	1	274	1010
205	3234	3710	1	85	1831
206	1136	4018	-2	97	1533
207	6116	3429	-2	186	1495
208	1016	5860	1	170	2028
209	6565	5812	1	152	3209
210	307	7804	1	62	3143
211	3198	5539	1	144	2248
212	7683	5378	1	70	1729
213	7751	1273	1	197	2826
214	806	4884	1	52	2189
215	4099	3197	1	294	1264
216	814	4362	-2	286	1081
217	3429	4575	1	155	775
218	5639	2561	-2	22	2169
219	2956	4500	1	9	1700
220	2011	1924	1	179	1071
221	796	2070	1	267	1472
222	7239	19	1	91	2684
223	1760	3424	-2	66	2906
224	4760	2383	1	188	1582
225	4075	6967	1	100	1697
226	6010	5199	-2	179	1515
227	1959	2702	1	224	1881
228	7671	5378	1	296	562
229	1005	1663	1	132	1779
230	2772	1784	1	62	2437
231	209	7860	1	58	2192
232	7087	6979	1	131	2526
233	6971	382	1	284	1691
234	4826	7876	1	69	1276
235	7574	5503	-2	284	3152
236	1203	4199	-2	244	2241
237	7196	7953	1	266	2892
238	3967	5534	1	119	1088
239	1357	7938	1	62	1557
240	2472	2929	1	286	1884
241	5693	2207	1	222	3044
242	6538	6618	1	186	2145
243	5810	1118	1	7	1497
244	1994	548	1	11	2024
245	375	2171	-2	145	1261
246	5850	188	-2	209	1729
247	2078	2302	-2	86	1701
248	711	7421	1	4	2337
249	5084	6606	1	289	793
250	4777	64	-2	100	726
251	4788	4946	1	106	1948
252	1449	3410	-2	299	2930
253	7544	938	-2	84	3190
254	3342	5776	-2	236	1661
255	7052	2812	1	37	2137
256	7044	1927	-2	39	1628
257	1331	3732	1	104	2018
258	6729	3992	1	0	2870
259	4522	6686	-2	254	3801
260	3318	3711	1	1	2331
261	915	2054	1	48	583
262	5771	7370	-2	288	3061
263	2524	2761	1	202	1337
264	3804	478	1	50	2545
265	2364	4295	-2	9	1063
266	7989	6564	1	273	3520
267	4946	6665	-2	216	1202
268	4626	1919	1	218	1779
269	8162	3441	1	96	1791
270	1134	5033	1	26	1277
271	1032	5162	1	128	1562
272	4872	5936	-2	298	2063
273	5517	6201	1	1	1871
274	6902	1727	1	62	2008
275	7636	1662	1	245	982
276	2041	4698	-2	208	2255
277	2439	2132	1	266	1654
278	7943	4061	1	202	2512
279	3045	5071	1	11	1394
280	5002	391	1	19	2104
281	5382	7252	-2	143	2341
282	6799	5501	1	250	1707
283	4094	6839	1	45	2856
284	3596	2149	1	128	1413
285	253	3823	-2	220	1455
286	4123	13	1	188	2558
287	5285	6313	1	233	2034
288	3650	5973	1	38	2909
289	3736	6198	1	287	3209
290	6410	6762	1	240	1861
291	2546	4066	1	127	1795
292	5650	5606	1	42	1071
293	1005	4686	1	282	2821
294	8077	3984	1	149	1102
295	546	4831	1	175	1219
296	13	3032	1	52	2537
297	7682	377	1	124	2847
298	2931	7678	-2	242	1828
299	1941	1039	1	133	2156
300	7465	498	-2	25	1340
301	5728	4727	1	179	1205
302	4748	7731	1	58	1497
303	1469	2601	1	3	1728
304	6961	923	1	217	2321
305	6480	7897	1	293	2321
306	2233	2080	-2	144	2259
307	3278	3970	-2	109	1420
308	722	4509	-2	57	1659
309	5270	843	1	75	2847
310	3424	4393	-2	222	1716
311	7328	778	1	24	1065
312	477	6030	1	141	2154
313	783	6001	1	275	1440
314	7486	6542	-2	282	2065
315	1708	3284	-2	7	2614
316	325	280	-2	140	1421
317	297	620	-2	32	2408
318	3955	2702	-2	197	1180
319	4990	48	1	231	2593
320	6390	6453	1	282	2634
321	7652	4872	-2	299	1061
322	1135	1452	-2	6	2046
323	4728	2463	1	159	1264
324	2611	3302	-2	202	1149
325	4013	6201	1	252	1091
326	120	291	-2	293	1144
327	5937	5625	1	49	1734
328	5898	1164	-2	73	2344
329	1618	5403	1	175	1874
330	4306	4994	1	14	1453
331	4007	6589	1	228	1691
332	4616	5563	-2	95	2321
333	806	6929	1	212	1538
334	7353	5697	1	146	2187
335	7234	2022	-2	96	2116
336	2984	5862	1	62	1015
337	5796	7930	1	224	3129
338	5802	4154	1	66	1052
339	6248	2899	-2	251	2060
340	2176	3297	-2	212	1996
341	294	5152	1	25	1956
342	3448	3765	-2	63	1394
343	7906	2383	-2	289	1014
344	4786	7429	-2	163	1472
345	1489	3090	1	37	1565
346	8169	6288	1	5	2765
347	1973	5728	-2	154	2326
348	8222	4417	-2	80	2940
349	564	8234	1	131	547
350	4695	1678	-2	272	971
351	603	5223	1	151	1259
352	2878	6546	1	41	2045
353	5788	2943	1	97	1220
354	169	7324	-2	131	1767
355	5918	3569	-2	299	1490
356	2154	1168	1	33	1222
357	1077	5732	1	24	1940
358	8253	7659	-2	296	1808
359	4994	3612	1	40	1537
360	3881	1365	-2	186	2075
361	3719	1692	1	263	2472
362	6229	6302	1	3	1287
363	5426	7031	1	274	862
364	4343	4247	1	108	1008
365	6748	5656	-2	242	1448
366	8049	1977	1	89	2294
367	785	2294	1	115	1850
368	2425	3711	1	237	1117
369	7724	5293	1	106	3401
370	1979	6533	1	35	1824
371	8144	711	1	129	2067
372	4319	7103	1	127	2309
373	3861	7603	1	256	2498
374	7812	4478	-2	242	1461
375	7151	5711	1	202	1744
376	2483	1105	-2	194	1648
377	6164	457	1	185	2593
378	495	290	1	117	1369
379	7660	3163	1	92	678
380	3529	4007	-2	119	1515
381	5187	900	1	283	1779
382	5391	3616	-2	172	2051
383	7077	1106	1	297	1785
384	8204	8048	1	158	1272
385	4377	274	-2	5	1876
386	7067	8218	-2	55	1669
387	4906	2218	1	56	1919
388	3913	2416	1	106	2739
389	1287	348	1	143	1425
390	3100	2	1	155	1912
391	6188	2535	-2	185	2010
392	2768	8056	-2	209	1312
393	8141	421	1	287	3020
394	3032	5533	-2	130	1756
395	1592	5583	-2	182	660
396	6709	7769	-2	57	871
397	1772	3199	-2	168	1512
398	4224	3348	1	266	1271
399	787	6607	1	51	1932
400	1243	6126	-2	127	1139
401	3458	6166	1	155	3117
402	967	2888	1	47	1474
403	218	909	1	91	3066
404	263	2635	-2	144	3586
405	884	195	1	214	1556
406	5565	4970	1	273	1832
407	7625	2173	-2	20	2902
408	3985	3909	-2	184	2051
409	2481	4693	-2	215	1974
410	4144	551	-2	236	1906
411	7134	2839	1	119	1055
412	4575	2168	-2	195	2142
413	6763	494	-2	138	1241
414	5376	4760	1	105	1436
415	7311	5859	1	198	2864
416	6829	6030	-2	174	2036
417	1064	6990	-2	224	1900
418	3821	5261	-2	4	1413
419	2305	745	-2	271	1324
420	106	1417	1	127	1635
421	4154	3440	1	258	2110
422	1190	5398	1	229	1624
423	3370	3075	1	194	1659
424	7350	5757	-2	64	1497
425	6013	2000	1	193	1260
426	8239	2405	-2	74	1276
427	4071	3025	-2	102	2704
428	7993	5523	-2	293	1418
429	681	2934	-2	132	2127
430	114	3730	1	131	2071
431	2604	2548	1	217	2337
432	2850	7547	1	165	1996
433	5773	7306	-2	172	1552
434	4356	7634	-2	21	2108
435	395	6289	1	143	952
436	4981	6065	-2	14	1052
437	8170	4900	-2	252	1312
438	3459	4206	-2	152	2214
439	921	2045	1	294	1737
440	715	3299	-2	65	731
441	6480	5781	1	116	1959
442	1116	2883	1	224	2442
443	833	6529	1	171	1401
444	202	5872	-2	92	1626
445	4691	8136	1	10	2251
446	1973	6893	-2	50	900
447	7952	4462	-2	251	763
448	69	4712	1	150	2320
449	4375	4418	-2	59	1201
450	4331	4725	1	50	1872
451	207	2348	-2	227	592
452	3905	3828	-2	27	2938
453	826	3052	-2	191	800
454	7803	2008	1	79	1082
455	7156	5385	-2	204	1084
456	8119	5683	1	217	1580
457	92	5979	1	207	871
458	2164	7847	1	76	446
459	7647	6492	1	298	1352
460	6757	6941	1	118	1072
461	3313	5188	-2	274	2415
462	7401	5892	1	49	2179
463	2934	4144	-2	251	2792
464	5054	3935	1	158	1145
465	213	4068	1	282	2922
466	2794	357	1	161	1618
467	497	6517	1	188	1218
468	7938	7325	-2	135	1704
469	2046	3908	-2	161	1741
470	2020	6914	1	65	1108
471	5379	1180	1	105	2150
472	5293	6453	-2	230	1854
473	2097	4839	-2	225	2394
474	4999	6434	1	160	2185
475	6066	6185	1	146	2066
476	527	3755	1	120	666
477	3691	2368	-2	247	903
478	163	4738	1	185	685
479	2987	1917	1	151	2071
480	2578	2651	1	28	1971
481	2679	280	1	127	824
482	2303	4269	1	20	1752
483	196	6228	1	165	1481
484	5846	7668	-2	146	1217
485	295	7232	1	86	1891
486	7213	7783	-2	148	1196
487	330	8116	-2	210	2192
488	6278	7141	1	161	902
489	2732	8169	1	228	1121
490	3817	5148	1	67	976
491	952	2149	-2	19	1318
492	7396	442	1	281	1075
493	3368	4424	1	227	1180
494	694	193	1	68	905
495	6080	8026	-2	166	1630
496	6611	723	1	35	857
497	6680	2531	1	1	591
498	4299	837	-2	28	1727
499	4906	4726	1	175	1178
500	4608	765	1	131	1061
501	5393	7299	-2	67	761
502	7768	2674	-2	298	2092
503	246	790	-2	180	1758
504	1032	4799	1	194	1878
505	6874	5944	-2	66	1894
506	5806	6005	1	137	1259
507	6050	3692	1	292	1696
508	5530	198	1	15	1404
509	1652	6762	1	92	1264
510	343	6288	1	53	2208
511	5873	1706	1	113	1401
512	6903	189	-2	170	2172
513	1738	3718	1	215	1699
514	6619	6883	-2	21	3266
515	4122	2083	1	99	1708
516	895	6225	1	175	1479
517	6190	3986	1	257	2148
518	2338	6107	-2	238	1755
519	5749	8213	1	130	2019
520	4015	8199	-2	207	1532
521	5623	5093	1	246	2376
522	5546	4265	1	29	3685
523	2018	4761	-2	37	1494
524	722	2115	1	45	1688
525	3827	6278	1	90	1253
526	6675	2576	1	138	1042
527	3446	835	-2	198	1535
528	5865	3103	-2	107	1898
529	7034	6063	-2	103	2957
530	5352	1185	1	115	1461
531	1460	937	-2	270	967
532	7579	1707	1	58	1226
533	7862	4536	1	209	2549
534	276	744	1	81	993
535	1222	5051	-2	209	2050
536	3516	1195	-2	164	1946
537	1482	5776	-2	266	1552
538	6518	2790	-2	21	1729
539	6070	7128	-2	185	1878
540	1134	6629	1	245	616
541	3941	46	1	61	1087
542	6082	5713	-2	111	1809
543	7518	468	1	127	524
544	1424	3191	1	165	1682
545	6244	303	1	42	3731
546	7646	5045	-2	153	1377
547	8143	4018	1	176	2894
548	3823	761	1	294	776
549	745	3352	1	176	1581
550	209	2675	1	257	739
551	6538	7474	-2	54	966
552	1159	660	1	36	1267
553	5506	1041	1	239	2482
554	4709	3324	-2	208	2122
555	923	2022	-2	74	2237
556	5999	5663	1	103	550
557	6	1154	1	219	966
558	3294	6752	1	258	1978
559	2420	3932	1	15	1906
560	7656	4316	1	221	1352
561	7990	6967	1	196	1237
562	7113	3704	1	226	1382
563	3754	7746	-2	288	2052
564	628	6335	1	177	1481
565	3297	361	-2	141	2668
566	2792	7700	1	41	1738
567	7102	3495	1	240	2576
568	6109	3213	1	164	2133
569	576	284	-2	246	1401
570	5271	2382	1	92	1797
571	6075	4937	-2	32	1711
572	7453	2707	-2	32	919
573	2000	1296	1	157	1907
574	3426	3740	-2	33	1215
575	6387	5495	-2	193	1960
576	5007	4620	-2	197	2097
577	6572	6504	-2	219	2405
578	5882	4498	1	125	2176
579	4336	5188	-2	112	1649
580	5539	2625	1	205	1185
581	7150	1125	1	235	1911
582	5001	3054	1	75	1349
583	6239	550	1	252	2058
584	6952	7283	1	151	1241
585	6856	149	1	86	2265
586	6064	1966	1	270	1972
587	5739	7333	-2	152	3787
588	4458	5760	1	171	2842
589	6873	7932	1	1	2589
590	4124	4653	1	230	1441
591	3839	27	1	274	3200
592	6962	6418	-2	8	2008
593	3449	6337	1	230	2121
594	3784	2636	1	202	1622
595	3194	5259	1	208	3559
596	8230	2383	1	30	2317
597	971	2308	1	230	1616
598	1122	356	1	25	2860
599	2274	2275	-2	264	544
600	4699	7218	1	111	2117
601	7341	3931	1	100	588
602	3871	3031	1	252	2775
603	891	4963	-2	185	2019
604	8139	1008	-2	240	2736
605	7471	3434	1	171	1282
606	3440	6326	1	126	2227
607	5523	6150	1	162	3267
608	8096	0	1	139	4120
609	4316	8257	1	60	989
610	5830	4076	-2	33	987
611	8202	7943	1	32	1209
612	2256	456	1	206	865
613	2239	7540	1	165	2082
614	7514	1276	-2	93	1176
615	135	1484	-2	286	1452
616	4574	3442	1	57	1985
617	2521	1144	1	187	1670
618	3510	6227	1	248	1725
619	2311	3048	1	123	1727
620	7157	821	-2	71	2178
621	1038	5463	1	249	2102
622	2547	1372	1	167	2182
623	5941	7108	1	254	2239
624	163	1142	-2	154	852
625	8020	4675	-2	183	2309
626	7611	2310	-2	205	1210
627	1331	7182	1	299	2446
628	5340	135	1	94	525
629	6572	6515	1	293	2489
630	4376	7269	1	103	2257
631	7834	2881	1	28	1555
632	19	7049	1	46	2842
633	1145	2945	1	275	1925
634	7656	3272	1	213	1360
635	3309	6354	1	75	1345
636	5949	6415	1	124	2524
637	7755	46	1	36	999
638	6827	4144	1	62	1455
639	158	3130	1	281	1782
640	8085	1643	1	69	1755
641	2682	1026	1	223	1505
642	7188	253	-2	270	1995
643	4846	5810	-2	242	1574
644	6223	1822	-2	67	2200
645	5310	1005	-2	63	2670
646	3743	7538	1	237	1898
647	559	3605	1	165	2320
648	8257	3483	1	57	1378
649	3579	6225	1	89	2124
650	4665	6043	1	93	1488
651	5773	6764	1	296	1306
652	6566	5879	1	53	1104
653	8043	1742	1	294	2110
654	3489	4503	1	125	2010
655	4008	5487	1	252	1055
656	952	2771	1	24	443
657	5772	6601	1	106	1097
658	1052	6354	1	245	986
659	1475	645	1	267	1236
660	5352	1862	1	107	2290
661	6008	5981	1	61	3139
662	5749	3628	1	63	1738
663	7544	7121	-2	195	1634
664	1328	7711	-2	34	2100
665	1959	5874	1	268	829
666	1592	5804	-2	50	1906
667	305	2307	1	281	1524
668	6202	3931	1	99	1113
669	5926	6572	1	181	1044
670	1483	6834	1	8	1371
671	3300	6186	1	20	1317
672	2477	2860	1	171	1812
673	2212	158	1	292	2370
674	7748	4508	-2	118	2418
675	8	7670	1	245	1351
676	7683	7192	1	106	2292
677	2039	3648	1	9	1505
678	2173	7302	1	260	2144
679	6967	4577	-2	34	1494
680	6740	7626	1	171	1391
681	6515	992	1	180	1629
682	4467	7967	-2	129	1077
683	2706	2482	1	205	1602
684	6200	7466	1	38	1199
685	6608	3288	-2	228	945
686	5293	6060	-2	211	2247
687	6657	698	1	82	1011
688	5654	1920	1	270	2606
689	3739	550	1	185	1786
690	4368	5218	-2	139	1777
691	182	3155	-2	0	3170
692	496	2233	-2	188	2539
693	2336	2587	-2	200	1443
694	7182	4926	1	238	989
695	2082	6859	1	146	3079
696	4639	6200	1	282	998
697	1083	139	1	23	1444
698	3883	6617	1	17	809
699	2165	3248	1	107	2501
700	5489	6686	1	149	3347
701	8255	1557	1	262	3115
702	3471	7876	1	252	1776
703	7791	2347	-2	109	1525
704	2265	6718	-2	31	1135
705	5340	4231	1	211	1679
706	8190	3909	1	99	1657
707	1123	2168	1	46	3107
708	3026	1217	-2	41	1734
709	530	6939	1	136	2287
710	8214	6903	1	255	1175
711	888	3183	-2	132	1435
712	8159	8253	1	127	3280
713	6228	7735	1	227	2651
714	7317	7006	1	65	2476
715	6984	6890	1	27	1698
716	7639	8207	1	228	1490
717	7843	6024	1	251	667
718	702	3015	1	157	1763
719	8133	2333	1	207	1394
720	4626	1603	-2	89	946
721	4781	1606	-2	26	1877
722	5103	112	1	281	772
723	3214	3009	1	139	1524
724	6475	6904	-2	31	1221
725	1032	3442	-2	106	2849
726	1411	546	1	232	1407
727	4130	3608	-2	219	1468
728	3689	2132	1	31	2128
729	3385	8065	1	48	1049
730	6019	4314	1	215	653
731	5838	3314	1	120	1861
732	1533	7022	-2	118	1719
733	4206	2038	1	36	2473
734	6370	3044	1	297	2414
735	4803	1033	1	152	1578
736	6238	3356	-2	207	1677
737	4801	1434	-2	246	781
738	1906	3005	-2	178	2858
739	5575	6859	1	157	1369
740	6322	833	1	59	1743
741	2568	3415	1	250	1098
742	2340	4037	1	106	1201
743	3580	577	-2	90	1677
744	3239	848	1	219	2556
745	2581	7141	1	46	2082
746	7551	6172	1	278	2424
747	890	2381	1	236	1366
748	637	2029	-2	139	2998
749	1434	1223	1	25	2478
750	5157	4721	1	129	833
751	4884	1676	1	144	1839
752	3461	390	1	66	1505
753	6856	727	1	155	1023
754	3459	6709	1	273	2529
755	223	6210	-2	169	3059
756	5808	5616	1	27	1535
757	2667	252	1	70	1559
758	6225	421	-2	144	1861
759	3080	4093	-2	163	783
760	3113	7700	-2	139	1326
761	5673	7014	-2	290	1146
762	4151	4208	1	80	1506
763	5776	8174	1	121	2801
764	4325	6189	1	238	869
765	2561	6729	1	165	2528
766	3696	1391	1	253	982
767	7694	5236	1	145	3076
768	2789	3351	-2	18	1821
769	885	6725	1	280	707
770	3901	2587	-2	14	1207
771	7085	220	1	223	2611
772	4565	2997	-2	45	1195
773	532	1993	1	52	1833
774	5992	861	1	95	1068
775	2350	8185	-2	128	2933
776	439	7955	1	208	944
777	3106	6348	1	113	2117
778	5138	7021	1	83	724
779	4626	1147	1	219	1437
780	1332	559	1	95	3322
781	6590	6010	1	214	986
782	1140	1477	-2	103	2663
783	209	7691	-2	146	1796
784	5542	7278	1	264	2600
785	6624	7259	1	7	1916
786	3106	923	-2	278	3312
787	7586	351	1	136	1493
788	7131	1218	-2	67	1699
789	1116	2559	1	223	2467
790	2545	1069	1	210	2222
791	3214	6451	1	85	1209
792	1033	5995	1	57	1558
793	5483	2326	1	178	901
794	3448	6668	-2	55	947
795	7575	2665	-2	243	1389
796	1475	5236	-2	293	1907
797	5454	3537	-2	144	1154
798	1328	5971	1	182	2072
799	495	2133	-2	87	1106
800	7947	4086	1	145	2074
801	2054	1976	-2	90	1594
802	4662	3640	1	36	3243
803	2810	1855	1	132	1089
804	1539	4166	-2	165	1273
805	2511	3462	1	219	1504
806	6267	8085	1	79	2578
807	231	1641	-2	290	649
808	5031	729	-2	43	1020
809	7753	5527	-2	96	1056
810	7782	2263	1	53	1502
811	5558	1276	-2	168	1450
812	8235	4703	1	252	1137
813	5770	1435	-2	228	1907
814	5367	4552	1	272	1466
815	1590	2096	-2	215	1276
816	26	3635	1	39	724
817	1627	2636	1	140	2078
818	5907	458	1	135	2250
819	4102	7323	1	253	1674
820	4828	3816	1	84	752
821	1983	7197	1	134	1167
822	6903	4500	-2	82	1613
823	6385	7333	-2	285	3203
824	3491	7039	-2	69	833
825	198	4357	-2	20	2050
826	3508	5783	-2	47	2189
827	7926	6691	1	84	1164
828	5371	1077	1	251	1179
829	5781	530	1	129	1081
830	2690	1653	1	38	1682
831	600	1084	-2	30	1751
832	2479	6572	1	8	2256
833	689	2620	1	38	1826
834	6228	6453	1	35	3657
835	992	7085	1	294	1183
836	4219	7763	-2	51	890
837	7172	5905	1	256	1318
838	5489	7772	1	167	1181
839	2382	3895	1	280	1640
840	2865	5555	-2	22	2346
841	6858	5486	1	124	3758
842	7678	4637	1	126	2848
843	3184	7503	1	17	764
844	1423	4528	-2	216	2141
845	806	47	-2	195	1464
846	3132	2457	-2	85	1782
847	3015	80	1	56	2865
848	3873	2420	1	120	1534
849	5657	8026	1	296	1697
850	4278	3311	-2	169	1529
851	2385	190	1	244	1780
852	1326	5468	-2	175	1411
853	1999	6970	1	14	1502
854	4072	7350	1	97	1748
855	8167	5008	-2	261	3073
856	3758	5271	-2	38	1998
857	4768	1527	-2	89	1437
858	6069	5995	1	174	2869
859	3278	1084	-2	262	739
860	4404	938	-2	198	3242
861	2640	8229	1	174	2056
862	6359	4433	-2	61	1606
863	7757	6512	1	295	1787
864	2577	7683	1	5	2238
865	3432	428	1	146	1421
866	7931	5029	1	127	2127
867	6601	6939	-2	109	1902
868	3504	348	-2	99	1698
869	2518	3230	-2	109	743
870	6750	5749	1	115	1423
871	7551	692	1	264	1228
872	5786	3332	1	43	1882
873	1239	551	1	200	1580
874	1715	5382	1	117	1341
875	50	6929	-2	51	1423
876	1111	1828	-2	235	1212
877	6947	7253	1	237	1077
878	4034	2033	1	145	1862
879	4150	3431	-2	270	1846
880	5304	1567	1	74	985
881	2345	3258	1	129	1729
882	2801	411	1	169	1254
883	7265	6432	-2	5	930
884	5798	3271	-2	272	1976
885	7232	4578	-2	233	3654
886	364	7610	-2	29	1823
887	191	3696	1	24	1189
888	3463	6782	1	115	1036
889	8057	6914	-2	56	1543
890	4567	1968	1	143	1393
891	5621	126	1	61	3052
892	6987	181	1	256	2690
893	7146	8112	1	225	3044
894	2390	5656	-2	298	1412
895	7910	5352	1	244	1419
896	4101	2260	1	74	1933
897	5323	8185	1	264	2349
898	2996	3046	1	291	1761
899	5786	2169	1	49	1866
900	5862	164	1	78	1463
901	6997	2123	1	62	2702
902	2317	1295	1	222	2094
903	7556	4368	1	16	1802
904	1040	659	-2	90	2410
905	6763	4235	1	262	1719
906	5309	6208	1	106	1170
907	4668	1688	1	105	1747
908	2342	7460	1	274	1060
909	4027	1873	-2	62	1253
910	4368	3434	-2	9	1157
911	7800	6929	1	15	993
912	333	3492	-2	108	3345
913	7175	1641	1	31	1240
914	5412	3286	1	114	1374
915	516	888	-2	272	2198
916	1931	3235	-2	171	940
917	624	5228	-2	64	1094
918	2438	6225	1	142	1324
919	1919	781	1	46	550
920	6188	32	-2	289	1825
921	481	7232	-2	220	3036
922	6454	59	1	217	2972
923	7380	6512	1	125	2209
924	6296	6715	1	227	1025
925	349	3094	-2	66	3152
926	2478	2770	1	278	1763
927	7150	8141	-2	190	2392
928	5796	335	-2	49	2302
929	6861	3448	1	158	1412
930	4862	5605	1	24	2283
931	1740	1531	1	18	634
932	1661	3601	1	39	1825
933	5990	8155	1	24	1736
934	3773	5749	1	44	906
935	3396	3446	1	138	1428
936	8142	1875	-2	58	1847
937	440	7731	-2	59	1333
938	2826	8005	-2	218	1940
939	4206	2654	-2	97	3021
940	3073	7154	-2	145	2520
941	2312	7483	-2	156	1604
942	2285	6583	-2	143	2967
943	4565	3497	1	223	1566
944	2380	1251	1	7	2847
945	4067	1940	-2	10	1468
946	7926	6243	-2	267	1251
947	8143	3470	1	249	2979
948	4325	4464	1	143	2294
949	8078	2900	1	222	2093
950	6164	3514	-2	39	1102
951	5072	4907	1	257	1884
952	1038	5802	1	29	3039
953	5691	5878	1	249	1712
954	7044	2159	1	252	1461
955	5995	8238	-2	250	1264
956	5398	6440	1	109	1435
957	6373	2771	-2	232	1139
958	563	756	1	199	2502
959	3653	7091	-2	59	2997
960	4255	3718	1	270	1613
961	2528	1998	-2	90	2292
962	6001	1785	-2	68	2275
963	5386	7982	1	65	2383
964	4468	4515	1	78	824
965	1598	6845	1	90	1440
966	7143	7215	1	186	1298
967	5382	3831	1	119	2624
968	3747	3230	1	296	1066
969	1793	273	1	127	881
970	7252	1204	-2	238	2408
971	4243	3665	1	59	1673
972	3080	3974	1	167	1350
973	7747	8045	1	241	1662
974	5104	991	1	299	1499
975	4113	5885	-2	166	967
976	4333	1608	1	249	1893
977	8034	1648	1	154	1336
978	4646	4574	1	117	1083
979	6334	153	-2	224	1894
980	3429	1846	1	120	1915
981	503	666	-2	15	2248
982	4167	6422	1	233	2961
983	592	4200	-2	235	2236
984	7257	959	-2	152	2351
985	5475	470	1	276	2132
986	2195	811	-2	289	1861
987	8091	728	-2	206	1727
988	6080	5340	1	202	1305
989	5627	8031	1	130	1027
990	7351	4959	-2	167	2304
991	5497	4102	1	13	2423
992	3261	2117	1	290	2392
993	3569	4066	-2	164	1711
994	5107	4944	-2	38	2397
995	5177	1592	-2	205	962
996	5214	5472	-2	152	3549
997	1045	7750	1	294	1322
998	1220	2743	1	295	2003
999	3730	4186	1	253	1829
1000	5361	1124	1	17	4380
1001	7213	7556	1	252	1120
1002	6607	4699	1	277	2037
1003	7203	6163	1	220	1355
1004	4572	8150	1	216	1937
1005	3621	3442	-2	171	2383
1006	3862	5655	-2	186	3164
1007	2110	6980	1	263	2566
1008	2956	5882	-2	230	3190
1009	820	5950	1	269	1877
1010	5069	7031	1	222	648
1011	6500	2905	1	112	1204
1012	5356	1780	1	43	1821
1013	4426	6342	1	188	1028
1014	3891	3431	1	136	2186
1015	5004	6291	1	210	2463
1016	2379	4475	1	271	1723
1017	3792	31	1	96	1379
1018	2524	3840	1	99	2961
1019	1966	3802	1	149	2865
1020	3273	2007	1	217	1002
1021	99	2150	1	111	1100
1022	5585	2685	-2	15	974
1023	3025	6925	1	137	3407
1024	6851	2323	1	21	1850
1025	6151	4204	1	91	1196
1026	2549	90	1	57	2342
1027	2307	1089	-2	241	1258
1028	6353	1514	1	32	1130
1029	2772	5585	1	62	1153
1030	1696	6798	1	129	2294
1031	2188	7532	-2	274	937
1032	2801	3711	1	79	1766
1033	2946	5957	1	158	3060
1034	6574	7065	1	41	1961
1035	6809	1189	-2	169	2215
1036	3925	2405	-2	193	1865
1037	488	5202	1	47	1603
1038	5276	5513	1	203	1554
1039	2338	3463	1	70	754
1040	5579	1813	-2	71	1496
1041	2651	4116	1	145	1509
1042	5510	7538	-2	237	1311
1043	2367	1112	1	258	922
1044	1020	2880	-2	132	1565
1045	8257	4686	1	145	2850
1046	6500	7566	1	186	2105
1047	7055	7049	1	228	2011
1048	2054	3771	1	205	1696
1049	1812	6952	1	120	1506
1050	5802	6764	-2	179	3556
1051	7361	3670	-2	238	2868
1052	8187	3827	1	78	2934
1053	5641	1027	1	59	1869
1054	6053	620	1	114	1372
1055	719	6222	1	30	1318
1056	521	2315	1	267	2409
1057	5694	3616	-2	121	726
1058	5617	6059	1	41	560
1059	4300	5144	-2	10	1309
1060	7914	3194	1	172	1366
1061	5382	1795	-2	224	1207
1062	616	6627	-2	8	2570
1063	6947	5271	1	164	547
1064	2010	2045	-2	202	1066
1065	7100	7650	1	131	2230
1066	16	7065	1	141	1991
1067	3723	459	-2	256	1747
1068	8057	463	1	138	2755
1069	1417	2595	-2	121	3601
1070	6903	6349	1	16	1524
1071	6458	2675	-2	216	1924
1072	1519	7758	1	0	1468
1073	3088	7981	1	104	1435
1074	4393	6353	1	93	2104
1075	4081	6971	1	217	3650
1076	3950	3825	1	118	2208
1077	3234	2729	1	105	2909
1078	5118	3751	1	142	1737
1079	1471	5727	1	165	652
1080	5656	5637	1	63	1093
1081	983	5730	-2	250	3026
1082	4966	6386	1	223	940
1083	4806	869	-2	194	2378
1084	7192	7565	-2	249	1345
1085	188	7322	1	64	2204
1086	1707	6225	1	263	1644
1087	427	1969	1	135	1823
1088	2760	3247	-2	167	1862
1089	5105	7052	-2	175	1770
1090	5204	2145	1	293	1197
1091	1214	1749	1	154	858
1092	4125	5180	1	119	3444
1093	616	2027	-2	157	2357
1094	4627	4536	1	254	1895
1095	3759	6133	1	115	2909
1096	2316	7799	1	14	1910
1097	5336	5615	1	76	1513
1098	2706	4429	1	191	1189
1099	1140	7901	1	172	1491
1100	2567	4612	-2	230	1213
1101	6202	1027	-2	234	1865
1102	1087	7157	1	293	2110
1103	3623	6776	1	249	1615
1104	3199	6192	1	249	2064
1105	1683	6244	1	121	1843
1106	3443	1187	-2	243	1420
1107	4180	2900	1	117	2609
1108	4080	700	-2	44	1852
1109	7068	4898	1	190	1990
1110	1400	6747	1	139	1124
1111	7401	5103	1	57	2790
1112	7324	4612	1	234	1356
1113	6717	723	-2	43	1891
1114	7276	575	1	112	1870
1115	707	3899	1	290	1674
1116	5920	3056	1	88	2664
1117	5654	692	1	50	2244
1118	4747	1861	-2	214	2213
1119	310	5155	1	140	2150
1120	3313	7221	1	276	1895
1121	2104	4241	-2	224	1125
1122	4803	1790	1	111	563
1123	724	4456	1	112	1447
1124	1862	5978	1	0	1586
1125	8090	5239	-2	65	1854
1126	7456	282	-2	292	1651
1127	340	1931	1	263	1469
1128	4613	6263	-2	197	2779
1129	2171	4509	-2	167	2345
1130	4478	6929	1	218	2219
1131	3746	3909	1	231	1202
1132	7953	5069	1	44	2038
1133	348	2420	-2	98	967
1134	923	3848	1	195	1970
1135	6316	390	1	213	1505
1136	6047	7561	1	145	1516
1137	1836	6353	1	52	1333
1138	7052	6729	1	76	1363
1139	4297	348	-2	115	922
1140	7627	3805	1	24	1859
1141	5426	4310	-2	90	1370
1142	3017	1037	1	190	3103
1143	3458	2010	1	172	2247
1144	8077	6259	1	249	1084
1145	2846	7934	1	247	2710
1146	6839	6881	1	219	3017
1147	7893	942	1	33	1211
1148	766	4741	1	86	1128
1149	3540	7039	1	255	1750
1150	221	8027	1	267	3483
1151	4828	3272	-2	170	1799
1152	2251	3571	1	70	1306
1153	1038	2109	1	213	1869
1154	3981	3459	1	250	1790
1155	4848	6340	1	166	1341
1156	531	6569	1	277	3045
1157	8205	5140	1	170	2334
1158	207	4824	1	72	1188
1159	477	5407	-2	193	2010
1160	2346	4867	1	199	1202
1161	2578	7977	1	24	1871
1162	5216	7953	1	52	3064
1163	3975	3172	1	90	1699
1164	2591	5209	-2	87	1273
1165	358	6722	-2	130	1012
1166	5113	3384	-2	223	2116
1167	5227	2968	-2	75	1459
1168	3377	120	1	155	1591
1169	880	3390	1	208	2182
1170	2538	5916	1	146	935
1171	3011	7938	1	5	1483
1172	6891	1708	1	152	2830
1173	7055	50	1	285	1779
1174	51	4323	1	168	1345
1175	2437	6109	1	7	1227
1176	5386	583	-2	63	1800
1177	5740	5266	1	193	1391
1178	7824	4436	-2	250	1164
1179	5181	890	-2	258	1926
1180	7960	1258	-2	157	2136
1181	4897	549	1	248	2270
1182	1782	6787	1	154	2355
1183	3322	2876	-2	161	1516
1184	7412	5752	1	299	1070
1185	755	2713	1	6	2786
1186	1991	778	-2	25	1698
1187	7207	1295	1	115	1267
1188	6393	5834	1	112	3225
1189	4181	5283	1	290	1377
1190	6902	6024	-2	9	1935
1191	8007	7716	-2	158	739
1192	2684	3886	1	260	2807
1193	1661	2660	1	161	1431
1194	884	6953	1	51	1748
1195	6763	5284	1	163	1270
1196	3913	3704	1	158	2287
1197	2463	8149	-2	59	1083
1198	3771	4485	1	121	3326
1199	4626	7732	1	172	1628
1200	1242	4703	-2	225	1885
1201	7563	5517	-2	33	1830
1202	5570	1371	1	237	2508
1203	3757	2098	1	275	1733
1204	1940	7157	1	36	1251
1205	6956	4243	-2	64	1194
1206	7262	1140	1	167	2999
1207	1475	2263	-2	126	1538
1208	3398	8234	1	2	1480
1209	1959	318	1	125	1512
1210	7927	4067	1	42	2197
1211	2365	5783	1	147	1645
1212	3840	2103	1	250	2238
1213	8176	728	1	35	2341
1214	828	5626	1	82	2291
1215	2643	1825	1	239	441
1216	1987	2245	1	178	761
1217	220	2228	1	18	3445
1218	5749	5822	1	204	1629
1219	4939	2772	1	252	1456
1220	5423	7132	-2	11	1318
1221	7356	263	-2	227	1684
1222	7588	4324	1	56	1426
1223	2134	2283	1	276	2562
1224	5370	7804	1	129	1707
1225	3888	4269	1	54	2256
1226	5435	7158	1	132	1879
1227	6286	1059	1	199	1723
1228	439	3202	1	163	1688
1229	5183	5145	-2	177	1907
1230	6880	6120	-2	287	1412
1231	5971	6925	1	271	2406
1232	4573	6355	1	130	768
1233	5599	2065	-2	106	1223
1234	6217	3576	-2	46	1310
1235	1069	3991	1	92	759
1236	5177	5815	-2	204	778
1237	5153	5882	1	12	1349
1238	1823	5645	-2	142	740
1239	611	5523	-2	95	1775
1240	7526	1864	-2	293	1820
1241	5006	2005	1	200	2765
1242	6043	5795	1	32	1068
1243	6017	5795	1	40	874
1244	6584	361	-2	74	2401
1245	2486	2032	-2	287	1306
1246	5298	2312	1	69	3080
1247	5496	3706	1	76	1526
1248	4241	1432	1	154	1356
1249	7988	305	-2	6	2570
1250	7762	1331	1	99	3001
1251	3449	966	-2	98	2279
1252	8070	227	1	112	2143
1253	5476	4414	1	84	1978
1254	5415	7737	1	117	2028
1255	4872	5962	1	6	1679
1256	4226	5001	1	111	3304
1257	1445	6398	1	243	1901
1258	246	633	1	128	973
1259	5985	3429	1	24	2083
1260	495	3957	-2	283	2003
1261	5180	6146	1	124	3810
1262	6690	7568	-2	105	1574
1263	7421	282	1	113	1409
1264	8031	7917	1	158	2066
1265	5808	971	1	173	1209
1266	3718	4848	-2	86	1404
1267	1813	548	1	12	2667
1268	6310	5383	-2	108	1211
1269	7073	865	1	243	2524
1270	469	6633	-2	255	2379
1271	4304	6736	1	295	1618
1272	7257	6011	1	43	2521
1273	5564	7173	1	186	1571
1274	4529	6244	-2	277	1584
1275	2294	4012	-2	150	1911
1276	1482	5524	1	288	1732
1277	306	5390	1	179	2961
1278	4292	5318	1	62	1173
1279	5013	3420	-2	203	1708
1280	5835	8215	1	34	2116
1281	2157	1617	1	130	1638
1282	4800	7063	1	249	1509
1283	2146	6797	-2	170	2809
1284	4627	5490	1	101	2141
1285	5822	7380	-2	222	1649
1286	4777	4208	-2	219	2100
1287	350	1471	1	118	2877
1288	1367	6933	1	4	1763
1289	1023	1448	-2	204	3180
1290	3829	966	1	95	2827
1291	2616	7360	1	176	912
1292	3285	7783	1	143	1676
1293	921	1733	-2	192	1970
1294	7218	4249	1	201	2217
1295	1575	1596	-2	58	2720
1296	2966	2156	1	102	856
1297	7083	5036	-2	148	2471
1298	2065	4255	1	231	1302
1299	3563	3296	-2	103	1641
1300	3720	5565	-2	93	1549
1301	7727	6258	1	27	1204
1302	7303	5204	-2	184	1514
1303	3279	1919	1	277	1669
1304	6567	1548	-2	56	2459
1305	3325	3060	1	237	2214
1306	7198	5912	1	239	1861
1307	7794	820	1	263	2116
1308	4815	3718	1	57	1983
1309	770	5952	1	140	2248
1310	6544	6686	-2	79	2210
1311	7437	3452	-2	298	1520
1312	6910	3393	1	205	1638
1313	6576	5498	1	139	2472
1314	815	4999	1	199	1535
1315	5070	7592	1	119	2571
1316	421	727	1	96	1555
1317	5483	8091	1	113	2044
1318	5437	7294	1	86	2515
1319	2117	1474	-2	3	2284
1320	4444	4812	1	73	1850
1321	6537	5169	1	41	799
1322	958	3320	1	43	728
1323	1798	1261	-2	261	1941
1324	8165	4093	1	130	1332
1325	4829	3668	-2	130	1557
1326	2438	8149	1	241	1455
1327	6661	5577	1	235	702
1328	7968	884	-2	171	1484
1329	1556	4212	1	89	3961
1330	3229	1079	1	239	989
1331	1304	5161	1	208	1672
1332	8044	5465	1	86	1797
1333	7747	4384	-2	216	2161
1334	5236	2065	1	114	2062
1335	2530	5640	1	228	1079
1336	4331	5029	1	292	1556
1337	3466	2523	1	67	1811
1338	4133	2992	-2	119	918
1339	3878	2767	-2	173	1052
1340	2526	7540	-2	11	2149
1341	2146	2463	-2	266	2855
1342	8136	1657	-2	50	857
1343	1820	7712	1	1	731
1344	711	4244	1	69	2040
1345	577	1762	1	247	1052
1346	6692	2861	1	212	2658
1347	7260	4480	-2	4	959
1348	5006	3825	1	159	2031
1349	5796	3991	1	231	1731
1350	3149	3921	-2	124	1518
1351	2910	2848	1	224	1693
1352	3914	5374	-2	4	1585
1353	3044	2904	-2	102	1010
1354	3840	4848	1	17	2442
1355	6881	3398	1	89	1705
1356	7329	1470	-2	41	984
1357	7197	8026	1	292	2375
1358	7468	1057	-2	54	1706
1359	3117	4658	1	15	1384
1360	5517	2984	1	201	1748
1361	6418	7356	1	188	3547
1362	577	3649	1	241	1500
1363	729	5524	1	61	2634
1364	3546	5270	1	266	2623
1365	7766	366	-2	191	2689
1366	6205	219	-2	123	1896
1367	5776	6859	1	24	1103
1368	1689	744	1	299	834
1369	7491	6761	1	146	2493
1370	853	4983	1	51	1797
1371	7248	7426	1	81	2073
1372	1627	5178	1	136	2527
1373	4733	4190	1	139	3093
1374	5556	1367	1	143	1650
1375	2582	3317	1	177	2753
1376	6557	2312	-2	49	1266
1377	218	4247	-2	241	1795
1378	5557	3272	-2	258	1766
1379	8218	5554	1	40	1086
1380	7509	6948	1	252	1780
1381	7258	2316	-2	244	1559
1382	6311	7608	1	9	1061
1383	1089	7539	1	78	2171
1384	3827	7938	1	102	1860
1385	5979	5075	-2	80	2544
1386	1063	277	-2	230	1172
1387	635	2220	1	91	2930
1388	3976	557	1	166	2639
1389	4045	7544	-2	263	809
1390	4978	5546	1	106	1440
1391	6861	3099	1	102	607
1392	6944	1780	1	65	1952
1393	4376	1536	1	120	2001
1394	5518	3200	-2	33	1701
1395	6942	823	-2	249	2637
1396	2549	3583	1	276	1898
1397	4835	6810	-2	96	1394
1398	3905	948	-2	219	2093
1399	4244	3580	-2	216	1499
1400	1715	6772	1	3	1817
1401	90	6668	-2	76	1952
1402	6274	2781	1	253	2648
1403	5176	7426	-2	76	1470
1404	4670	1156	1	255	2809
1405	1330	2611	-2	1	1711
1406	6558	692	-2	114	1003
1407	6323	1250	-2	89	3465
1408	3967	5139	1	31	1786
1409	2672	5637	1	257	828
1410	5502	6418	1	155	2604
1411	1449	4536	-2	154	1584
1412	5075	1626	-2	169	1406
1413	6709	4497	1	138	1764
1414	3106	909	-2	290	3301
1415	4178	6001	1	123	1054
1416	7557	2013	-2	108	3553
1417	3626	3172	1	279	757
1418	4905	4463	1	1	1898
1419	5944	5196	1	225	3042
1420	7485	7708	1	101	2991
1421	7574	73	1	142	1128
1422	970	26	1	160	1964
1423	1959	182	1	291	2356
1424	8028	3235	-2	78	1631
1425	3510	6357	1	159	1791
1426	2998	149	-2	80	3301
1427	6110	393	-2	203	1682
1428	2214	1012	1	284	1361
1429	5162	3357	1	117	1748
1430	5288	2382	1	27	1833
1431	6084	4118	1	194	2226
1432	7378	1638	1	173	2222
1433	5966	2932	-2	279	1304
1434	2675	7484	-2	39	2108
1435	5304	3617	1	268	1154
1436	542	1606	-2	47	1114
1437	7630	3920	1	213	1278
1438	2526	3045	1	115	2118
1439	2756	2578	1	284	2379
1440	4108	346	-2	63	2070
1441	112	4309	1	193	2908
1442	2062	4786	1	225	1644
1443	1908	3975	1	48	1804
1444	1096	5630	-2	30	1174
1445	7766	2353	-2	88	1531
1446	6121	2667	-2	157	696
1447	1051	7700	1	14	2897
1448	5261	6742	1	133	1936
1449	2986	3284	-2	154	1385
1450	3720	773	1	62	1427
1451	5943	1345	1	284	2240
1452	6291	6454	1	22	1663
1453	1821	5760	1	33	2925
1454	3042	1993	1	150	704
1455	1138	5188	1	237	1462
1456	5075	5545	-2	51	667
1457	7207	1036	1	168	1810
1458	3557	569	1	234	1530
1459	6439	1129	-2	113	856
1460	6929	7627	-2	115	2635
1461	2478	6300	1	72	826
1462	7087	3353	1	2	1698
1463	446	6773	1	49	1142
1464	5941	4905	-2	25	1893
1465	6882	3986	1	141	1749
1466	5137	6001	1	79	2200
1467	1428	3391	1	258	802
1468	6394	884	1	185	2914
1469	5941	1295	1	68	2713
1470	1114	8180	-2	186	1807
1471	3807	4133	1	73	1279
1472	7708	7617	1	122	2550
1473	5368	6095	1	166	2017
1474	186	759	1	103	1168
1475	4133	8013	1	123	1347
1476	346	976	-2	262	1221
1477	2182	6757	1	159	1744
1478	6348	7067	1	189	1828
1479	4292	3446	1	160	1281
1480	3059	5452	1	185	1764
1481	2002	4244	1	140	1623
1482	5030	7912	-2	209	1741
1483	190	4235	1	43	2529
1484	1385	4199	1	31	2364
1485	1641	3890	-2	100	1615
1486	5492	608	1	196	1463
1487	7165	7441	1	228	1691
1488	7784	1298	1	215	1514
1489	3189	5656	1	30	1143
1490	3943	4790	-2	167	1756
1491	6214	7370	1	69	1994
1492	5	4034	1	67	2360
1493	280	925	1	162	1295
1494	2205	4143	-2	57	2199
1495	4475	3651	1	193	1886
1496	2854	6302	1	118	870
1497	3171	3028	1	185	1414
1498	2465	1114	1	43	1487
1499	2669	4937	1	24	2248
1500	6622	2353	1	153	1607
